alpha	1	1000
beta	1001	2000
deviance	2001	3000
sigmau	3001	4000
sigmav	4001	5000
theta[1]	5001	6000
theta[2]	6001	7000
theta[3]	7001	8000
theta[4]	8001	9000
theta[5]	9001	10000
theta[6]	10001	11000
theta[7]	11001	12000
theta[8]	12001	13000
theta[9]	13001	14000
theta[10]	14001	15000
theta[11]	15001	16000
theta[12]	16001	17000
theta[13]	17001	18000
theta[14]	18001	19000
theta[15]	19001	20000
theta[16]	20001	21000
theta[17]	21001	22000
theta[18]	22001	23000
theta[19]	23001	24000
theta[20]	24001	25000
theta[21]	25001	26000
theta[22]	26001	27000
theta[23]	27001	28000
theta[24]	28001	29000
theta[25]	29001	30000
theta[26]	30001	31000
theta[27]	31001	32000
theta[28]	32001	33000
theta[29]	33001	34000
theta[30]	34001	35000
theta[31]	35001	36000
theta[32]	36001	37000
theta[33]	37001	38000
theta[34]	38001	39000
theta[35]	39001	40000
theta[36]	40001	41000
theta[37]	41001	42000
theta[38]	42001	43000
theta[39]	43001	44000
theta[40]	44001	45000
theta[41]	45001	46000
theta[42]	46001	47000
theta[43]	47001	48000
theta[44]	48001	49000
theta[45]	49001	50000
theta[46]	50001	51000
theta[47]	51001	52000
theta[48]	52001	53000
theta[49]	53001	54000
theta[50]	54001	55000
theta[51]	55001	56000
theta[52]	56001	57000
theta[53]	57001	58000
theta[54]	58001	59000
theta[55]	59001	60000
theta[56]	60001	61000
theta[57]	61001	62000
theta[58]	62001	63000
theta[59]	63001	64000
theta[60]	64001	65000
theta[61]	65001	66000
theta[62]	66001	67000
theta[63]	67001	68000
theta[64]	68001	69000
theta[65]	69001	70000
theta[66]	70001	71000
theta[67]	71001	72000
theta[68]	72001	73000
theta[69]	73001	74000
theta[70]	74001	75000
theta[71]	75001	76000
theta[72]	76001	77000
theta[73]	77001	78000
theta[74]	78001	79000
theta[75]	79001	80000
theta[76]	80001	81000
theta[77]	81001	82000
theta[78]	82001	83000
theta[79]	83001	84000
theta[80]	84001	85000
theta[81]	85001	86000
theta[82]	86001	87000
theta[83]	87001	88000
theta[84]	88001	89000
theta[85]	89001	90000
theta[86]	90001	91000
theta[87]	91001	92000
theta[88]	92001	93000
theta[89]	93001	94000
theta[90]	94001	95000
theta[91]	95001	96000
theta[92]	96001	97000
theta[93]	97001	98000
theta[94]	98001	99000
theta[95]	99001	100000
theta[96]	100001	101000
theta[97]	101001	102000
theta[98]	102001	103000
theta[99]	103001	104000
theta[100]	104001	105000
u[1]	105001	106000
u[2]	106001	107000
u[3]	107001	108000
u[4]	108001	109000
u[5]	109001	110000
u[6]	110001	111000
u[7]	111001	112000
u[8]	112001	113000
u[9]	113001	114000
u[10]	114001	115000
u[11]	115001	116000
u[12]	116001	117000
u[13]	117001	118000
u[14]	118001	119000
u[15]	119001	120000
u[16]	120001	121000
u[17]	121001	122000
u[18]	122001	123000
u[19]	123001	124000
u[20]	124001	125000
u[21]	125001	126000
u[22]	126001	127000
u[23]	127001	128000
u[24]	128001	129000
u[25]	129001	130000
u[26]	130001	131000
u[27]	131001	132000
u[28]	132001	133000
u[29]	133001	134000
u[30]	134001	135000
u[31]	135001	136000
u[32]	136001	137000
u[33]	137001	138000
u[34]	138001	139000
u[35]	139001	140000
u[36]	140001	141000
u[37]	141001	142000
u[38]	142001	143000
u[39]	143001	144000
u[40]	144001	145000
u[41]	145001	146000
u[42]	146001	147000
u[43]	147001	148000
u[44]	148001	149000
u[45]	149001	150000
u[46]	150001	151000
u[47]	151001	152000
u[48]	152001	153000
u[49]	153001	154000
u[50]	154001	155000
u[51]	155001	156000
u[52]	156001	157000
u[53]	157001	158000
u[54]	158001	159000
u[55]	159001	160000
u[56]	160001	161000
u[57]	161001	162000
u[58]	162001	163000
u[59]	163001	164000
u[60]	164001	165000
u[61]	165001	166000
u[62]	166001	167000
u[63]	167001	168000
u[64]	168001	169000
u[65]	169001	170000
u[66]	170001	171000
u[67]	171001	172000
u[68]	172001	173000
u[69]	173001	174000
u[70]	174001	175000
u[71]	175001	176000
u[72]	176001	177000
u[73]	177001	178000
u[74]	178001	179000
u[75]	179001	180000
u[76]	180001	181000
u[77]	181001	182000
u[78]	182001	183000
u[79]	183001	184000
u[80]	184001	185000
u[81]	185001	186000
u[82]	186001	187000
u[83]	187001	188000
u[84]	188001	189000
u[85]	189001	190000
u[86]	190001	191000
u[87]	191001	192000
u[88]	192001	193000
u[89]	193001	194000
u[90]	194001	195000
u[91]	195001	196000
u[92]	196001	197000
u[93]	197001	198000
u[94]	198001	199000
u[95]	199001	200000
u[96]	200001	201000
u[97]	201001	202000
u[98]	202001	203000
u[99]	203001	204000
u[100]	204001	205000
v[1]	205001	206000
v[2]	206001	207000
v[3]	207001	208000
v[4]	208001	209000
v[5]	209001	210000
v[6]	210001	211000
v[7]	211001	212000
v[8]	212001	213000
v[9]	213001	214000
v[10]	214001	215000
v[11]	215001	216000
v[12]	216001	217000
v[13]	217001	218000
v[14]	218001	219000
v[15]	219001	220000
v[16]	220001	221000
v[17]	221001	222000
v[18]	222001	223000
v[19]	223001	224000
v[20]	224001	225000
v[21]	225001	226000
v[22]	226001	227000
v[23]	227001	228000
v[24]	228001	229000
v[25]	229001	230000
v[26]	230001	231000
v[27]	231001	232000
v[29]	232001	233000
v[30]	233001	234000
v[31]	234001	235000
v[32]	235001	236000
v[33]	236001	237000
v[34]	237001	238000
v[35]	238001	239000
v[36]	239001	240000
v[37]	240001	241000
v[38]	241001	242000
v[39]	242001	243000
v[40]	243001	244000
v[41]	244001	245000
v[42]	245001	246000
v[43]	246001	247000
v[44]	247001	248000
v[45]	248001	249000
v[46]	249001	250000
v[47]	250001	251000
v[49]	251001	252000
v[50]	252001	253000
v[51]	253001	254000
v[52]	254001	255000
v[53]	255001	256000
v[54]	256001	257000
v[55]	257001	258000
v[56]	258001	259000
v[57]	259001	260000
v[58]	260001	261000
v[59]	261001	262000
v[60]	262001	263000
v[61]	263001	264000
v[62]	264001	265000
v[63]	265001	266000
v[64]	266001	267000
v[65]	267001	268000
v[66]	268001	269000
v[67]	269001	270000
v[68]	270001	271000
v[69]	271001	272000
v[70]	272001	273000
v[71]	273001	274000
v[72]	274001	275000
v[73]	275001	276000
v[74]	276001	277000
v[75]	277001	278000
v[76]	278001	279000
v[77]	279001	280000
v[78]	280001	281000
v[79]	281001	282000
v[80]	282001	283000
v[81]	283001	284000
v[82]	284001	285000
v[83]	285001	286000
v[84]	286001	287000
v[85]	287001	288000
v[86]	288001	289000
v[87]	289001	290000
v[88]	290001	291000
v[89]	291001	292000
v[90]	292001	293000
v[91]	293001	294000
v[92]	294001	295000
v[93]	295001	296000
v[94]	296001	297000
v[95]	297001	298000
v[96]	298001	299000
v[97]	299001	300000
v[98]	300001	301000
v[99]	301001	302000
v[100]	302001	303000
